w,EqGPStime,lat,lon,depth,Mag
0,2015-09-16 22:55:08.900000,-31.6,-71.7,22.4,8.3
1,2015-09-16 23:10:02.200000,-31.6,-71.7,35.0,5.7
2,2015-09-13 08:14:44.600000,24.9,-109.6,10.0,6.7
3,2015-09-13 08:27:48.400000,25.0,-109.7,10.0,5.2
4,2015-09-16 23:24:01.700000,-31.2,-71.8,32.1,5.7
5,2015-12-07 07:50:42.600000,38.3,72.8,26.0,7.2
6,2015-12-07 08:31:32.700000,41.7,74.6,21.5,5.5
7,2015-09-16 23:38:37.700000,-31.8,-72.0,12.5,5.9
8,2015-11-24 22:51:29.800000,-10.0,-71.0,611.7,7.6
9,2015-09-17 00:00:50.500000,-31.7,-72.0,10.0,5.0
10,2015-12-17 19:50:29.200000,15.8,-93.6,86.0,6.6
11,2015-10-26 09:10:18.600000,36.5,70.4,231.0,7.5
12,2015-09-17 00:22:56.500000,-31.8,-72.1,10.0,5.2
13,2015-11-18 18:31:40.600000,-8.9,158.4,13.4,7.0
14,2015-11-13 20:52:07,31.0,128.9,12.0,6.7
15,2015-10-26 10:09:42,-1.5,97.1,21.0,5.1
16,2015-09-17 00:43:50.100000,-31.1,-71.8,11.6,5.1
17,2015-09-17 01:33:38.600000,-31.7,-72.0,9.3,5.8
18,2015-12-14 01:46:34.800000,-4.1,129.5,10.0,5.6
19,2015-10-26 13:12:34.800000,-18.0,-178.4,562.9,5.1
20,2015-10-26 01:42:08.300000,-25.2,178.7,546.0,5.0
21,2015-10-26 14:39:34.300000,-18.0,-69.5,115.7,5.0
22,2015-12-04 22:25:36.100000,-47.6,85.1,35.0,7.1
23,2015-11-11 02:01:41.900000,-29.6,-72.1,10.0,5.1
24,2015-11-07 07:05:07.400000,-29.5,-72.3,13.0,6.2
25,2015-11-07 07:32:19.800000,-30.9,-71.5,46.0,6.8
26,2015-09-24 13:49:34.500000,50.8,-130.2,10.0,5.7
27,2015-09-13 07:58:09.500000,24.8,-109.5,10.0,5.6
28,2015-12-28 19:24:51.500000,-0.5,-20.0,10.0,5.1
29,2015-12-28 14:40:03.800000,-5.2,152.8,10.0,5.2
30,2015-11-17 07:10:43.300000,38.7,20.6,11.0,6.5
31,2015-11-18 16:47:43.900000,-6.3,103.7,33.0,5.1
32,2015-09-17 01:47:01.700000,-31.9,-72.1,10.0,5.0
33,2015-11-09 16:04:22.100000,51.6,-173.1,15.0,6.5
34,2015-12-28 16:26:41,-3.8,128.4,51.0,5.2
35,2015-12-09 10:22:26.400000,-4.1,129.5,33.9,6.9
36,2015-12-09 11:16:05.200000,-4.3,129.7,25.5,5.2
37,2015-09-21 17:40:36.100000,-31.7,-71.4,35.0,6.6
38,2015-11-26 05:45:54.300000,-9.2,-71.3,599.4,6.7
39,2015-09-17 04:11:03.800000,-31.5,-71.8,23.0,6.7
40,2015-09-17 03:55:42.900000,-31.1,-71.3,35.0,6.5
41,2015-12-31 10:57:34.100000,11.2,-86.6,20.0,5.8
42,2015-11-11 00:27:33.800000,6.2,147.6,13.0,5.6
43,2015-09-26 02:51:54.800000,-30.8,-71.3,46.0,6.3
44,2015-11-08 16:47:38.200000,6.8,94.6,10.0,6.6
45,2015-12-29 01:52:17.900000,-6.3,154.8,28.7,5.8
46,2015-11-08 15:41:32.400000,48.4,154.8,49.5,5.2
47,2015-11-08 10:46:53.500000,51.5,-172.9,16.0,5.6
48,2015-11-08 09:35:33.300000,0.8,98.9,69.0,5.7
49,2015-11-08 11:55:15.300000,6.8,94.6,10.1,5.1
50,2015-11-08 13:24:23.800000,6.8,94.5,9.8,5.2
51,2015-11-11 02:46:55.900000,-29.5,-72.1,10.0,6.9
52,2015-11-11 02:24:15.300000,-29.5,-71.9,10.0,5.1
53,2015-11-08 08:14:13.400000,-17.3,-69.4,159.9,5.7
54,2016-01-03 23:05:58.100000,24.8,93.7,55.0,6.7
55,2015-10-20 21:52:38.600000,-14.9,167.3,135.0,7.1
56,2015-11-08 14:34:41.400000,6.7,94.4,10.0,5.1
57,2015-09-17 03:13:18,-30.9,-71.3,47.1,5.2
58,2015-09-17 04:27:15,-31.4,-72.0,17.6,5.5
59,2015-11-08 11:33:50.600000,51.5,-173.0,20.0,5.7
60,2015-12-28 06:56:06,14.6,-61.4,152.9,5.6
61,2015-12-07 22:54:11.100000,14.2,-90.9,84.0,5.7
62,2015-10-27 11:05:34.400000,-16.6,66.5,10.0,5.4
63,2015-12-29 02:54:42,6.9,-76.7,5.7,5.0
64,2016-01-11 16:38:43.100000,3.9,126.9,20.8,6.5
65,2016-01-17 17:06:14.400000,-26.4,-70.9,36.9,5.0
66,2016-01-17 08:30:59.700000,19.7,-76.1,10.0,5.2
67,2016-01-17 15:30:39.500000,-5.4,130.2,131.8,5.2
68,2016-01-17 19:25:52.800000,-38.0,77.9,10.0,5.1
69,2015-10-27 12:15:57.300000,-16.3,67.1,10.0,5.3
70,2015-10-27 13:15:41,27.4,66.0,10.0,5.0
71,2015-11-16 00:40:09.500000,17.8,-81.8,6.7,5.8
72,2015-11-08 19:15:23.400000,7.0,94.5,10.0,5.6
73,2015-12-20 18:48:11.500000,3.6,117.6,6.9,6.1
74,2016-01-17 08:18:10.700000,19.8,-76.1,10.0,5.1
75,2016-01-14 03:26:09.600000,42.0,142.8,46.0,6.7
76,2015-12-20 22:05:10.900000,-6.3,154.7,52.9,5.0
77,2015-09-18 16:00:18.600000,15.3,-46.0,10.0,6.0
78,2015-09-24 15:54:03.700000,-0.6,131.3,18.0,6.6
79,2015-11-27 00:53:30.500000,-9.3,-71.1,616.0,5.1
80,2016-01-18 03:21:14.800000,17.1,-84.6,10.0,5.4
81,2015-11-11 03:08:25,-29.5,-72.1,10.0,5.1
82,2015-10-25 14:59:33.700000,-29.3,-177.8,10.0,5.8
83,2015-11-18 04:39:26.900000,31.4,129.0,27.5,5.1
84,2015-11-09 17:03:42.900000,18.0,147.0,48.8,5.0
85,2015-11-07 22:54:30.400000,1.6,126.6,37.1,5.2
86,2015-11-08 23:48:19.700000,-56.0,-27.3,75.1,5.1
87,2015-10-14 05:43:44.300000,48.9,156.2,12.0,6.0
88,2015-11-18 12:16:14,38.8,20.6,10.0,5.0
89,2015-11-18 10:37:32.700000,-4.7,103.6,114.0,5.0
90,2015-11-01 21:10:16.800000,22.8,121.7,7.0,5.5
91,2015-11-18 01:59:23,-6.5,130.3,116.0,5.2
92,2015-10-10 08:56:41.400000,-60.7,-20.8,10.0,5.5
93,2015-09-17 02:21:41.500000,-32.0,-72.9,10.0,5.0
94,2015-11-27 21:00:59,-24.8,-70.6,35.0,6.2
95,2015-11-04 03:51:38.600000,-8.2,124.9,10.0,5.3
96,2016-01-08 21:55:30.400000,18.8,-107.1,31.1,5.3
97,2015-11-26 13:52:07.300000,-17.7,179.8,604.1,5.1
98,2015-11-01 15:16:53.500000,-23.2,-68.4,111.0,5.8
99,2015-11-01 05:42:47.500000,-39.4,175.9,55.4,5.3
100,2015-11-09 04:47:03.700000,-23.6,-69.0,99.2,5.3
101,2015-11-16 16:13:44.700000,-24.8,-176.0,35.0,5.0
102,2015-11-16 16:49:49.700000,48.3,154.2,34.0,5.9
103,2015-10-31 04:44:31.800000,-9.1,124.1,53.7,5.3
104,2015-10-04 10:12:32,-30.7,-71.6,29.9,5.0
105,2015-11-27 15:47:18.800000,2.9,96.5,45.0,5.0
106,2015-11-09 06:12:51.700000,6.5,94.9,23.3,5.3
107,2015-11-01 03:49:23.500000,41.6,142.0,47.0,5.4
108,2015-09-13 07:41:12.600000,24.9,-109.7,10.0,5.3
109,2015-11-27 08:34:37.600000,22.5,94.9,39.4,5.4
110,2015-11-27 11:47:03.200000,13.1,-88.9,52.0,5.6
111,2015-11-27 11:41:10.300000,34.8,73.9,5.0,5.0
112,2015-11-09 08:13:25.600000,6.4,94.8,35.0,5.5
113,2015-12-20 09:29:27.500000,12.9,124.4,107.8,5.2
114,2015-10-03 04:14:45.700000,-33.0,-178.3,10.0,5.0
115,2015-10-05 16:34:02.800000,-30.3,-71.5,34.0,5.9
116,2016-01-18 13:44:34,-31.3,-178.7,95.0,5.1
117,2015-12-21 12:37:48.300000,-18.2,-174.9,197.7,5.0
118,2015-11-07 20:58:27.800000,-10.2,111.2,10.0,5.0
119,2015-11-23 20:41:57.500000,17.0,-98.9,34.0,5.6
120,2015-10-18 16:19:11.500000,-16.2,-173.3,12.0,6.0
121,2015-10-03 06:04:18.100000,-37.5,-73.7,14.5,5.8
122,2015-12-07 10:05:34.300000,38.6,73.2,19.9,5.4
123,2015-10-03 09:44:34.500000,-26.2,70.8,10.0,5.4
124,2015-11-24 20:45:38.300000,-0.1,-17.8,10.0,5.5
125,2015-12-23 15:37:29.500000,-21.0,168.3,9.3,5.1
126,2015-12-23 16:18:27.600000,45.1,-28.0,10.0,5.0
127,2015-12-25 19:15:23.200000,36.5,71.1,206.0,6.3
128,2015-12-14 21:12:37.800000,52.8,-167.9,46.7,5.2
129,2015-12-23 22:28:54.500000,-17.3,-173.7,10.0,5.3
130,2015-09-22 07:13:36.500000,-31.4,-71.3,58.0,6.0
131,2015-10-03 06:27:31.800000,-30.3,-71.6,38.0,5.9
132,2016-01-09 14:13:13.100000,27.7,129.7,37.5,5.4
133,2015-12-24 19:44:39.100000,-55.8,-123.1,12.3,6.2
134,2015-10-25 14:48:28,18.3,-101.6,42.0,5.2
135,2015-12-21 15:44:40.800000,-4.4,152.0,162.0,5.7
136,2016-01-16 23:23:05,-3.9,127.2,4.1,5.6
137,2015-11-17 17:30:12.300000,40.4,73.2,18.0,5.6
138,2016-01-16 22:38:42.500000,-8.5,156.5,10.0,5.1
139,2015-09-19 12:52:56.900000,-32.3,-72.1,18.0,6.2
140,2016-01-07 15:41:19.100000,-41.7,-74.1,24.1,5.0
141,2015-12-24 20:19:18.700000,-3.7,151.3,10.0,5.1
142,2015-12-23 16:55:45.900000,-54.2,-1.4,10.0,5.8
143,2015-12-14 22:56:53.200000,-5.4,153.1,37.5,5.0
144,2015-10-20 00:37:30.500000,12.9,143.9,78.0,5.4
145,2015-12-20 07:29:47,-28.3,-176.3,10.0,5.2
146,2015-09-30 16:07:28.300000,-56.2,-27.7,101.0,5.7
147,2015-09-30 17:26:30.200000,18.0,-101.3,42.0,5.4
148,2015-09-16 07:41:34.700000,1.9,126.4,41.6,6.3
149,2015-11-25 04:47:26.800000,31.4,140.1,124.7,5.0
150,2016-01-16 09:43:09.400000,-37.9,-75.3,10.0,5.1
151,2015-10-03 11:21:37.700000,-29.8,-71.7,28.5,5.1
152,2016-01-16 16:58:36.700000,8.9,-84.2,24.9,5.2
153,2015-10-20 09:29:44.800000,27.1,140.2,304.0,5.7
154,2015-11-25 18:58:17.600000,1.4,126.3,33.2,5.7
155,2015-11-25 21:17:54.500000,31.9,49.5,12.0,5.4
156,2015-12-15 00:21:09.500000,25.7,141.9,55.5,5.1
157,2015-10-02 15:52:29.300000,1.3,125.0,109.8,5.2
158,2015-11-26 00:17:58.800000,-4.8,145.1,187.2,5.1
159,2015-10-04 14:51:10.400000,-16.3,-72.1,92.0,5.3
160,2015-09-19 04:34:24.200000,-30.4,-72.8,10.0,5.0
161,2015-09-19 05:07:23.500000,-29.6,-72.1,6.0,6.1
162,2015-11-22 08:11:51.800000,16.9,-96.4,49.0,5.0
163,2016-01-15 00:57:24,-62.2,155.8,10.0,5.1
164,2015-10-03 08:24:25.200000,11.9,-43.7,10.0,5.0
165,2015-12-26 04:43:51.200000,-42.0,84.5,10.0,5.4
166,2015-12-26 05:40:44,-36.5,-99.5,10.0,5.1
167,2015-10-04 03:50:25.500000,-30.3,-72.1,5.9,5.5
168,2015-10-20 20:33:48.100000,-57.4,-65.9,9.1,5.6
169,2015-11-09 13:58:12.400000,-7.0,150.8,7.6,5.1
170,2015-11-20 05:32:28.500000,26.4,142.6,14.0,5.8
171,2016-01-16 04:36:32.900000,-10.0,123.6,14.1,5.0
172,2015-09-16 14:03:58.100000,-6.0,151.5,6.0,6.1
173,2016-01-11 02:04:38,51.7,179.0,72.1,5.1
174,2015-12-04 19:23:52.300000,29.0,52.0,25.2,5.0
175,2016-01-08 09:07:45.500000,36.6,70.9,219.0,5.0
176,2016-01-10 22:08:13.700000,-11.6,166.4,67.3,5.0
177,2015-11-27 21:45:49,-24.7,-70.5,38.9,5.0
178,2015-11-25 11:23:38,4.2,125.8,141.0,5.0
179,2016-01-18 18:24:54.400000,-21.4,176.1,7.0,5.8
180,2015-12-31 21:30:14.900000,-30.4,-178.0,27.3,5.4
181,2015-11-07 19:40:49.500000,16.5,119.8,37.0,5.5
182,2016-01-08 01:12:37,-30.7,-71.7,30.9,5.6
183,2015-12-27 15:20:25.100000,-33.0,-108.8,10.0,5.3
184,2015-11-17 08:34:16.800000,38.6,20.6,9.0,5.1
185,2015-11-02 08:16:09.500000,51.6,-173.3,13.0,5.8
186,2015-11-02 08:31:51.300000,51.6,-173.3,10.0,5.3
187,2016-01-16 18:55:09.700000,-0.5,99.3,61.7,5.2
188,2015-11-28 02:51:43.800000,43.4,146.4,69.0,5.6
189,2016-01-07 20:24:15.800000,49.4,155.3,75.6,5.2
190,2015-12-04 20:22:54.100000,-54.0,-2.4,14.2,5.0
191,2015-11-13 12:22:13,17.3,147.2,16.0,5.4
192,2015-11-13 12:55:14.400000,17.3,147.2,10.0,5.1
193,2016-01-18 19:22:26.200000,-0.3,129.5,10.0,5.2
194,2015-11-14 19:20:57.400000,31.4,128.8,10.0,5.7
195,2015-12-24 23:11:34.200000,-7.2,129.0,119.0,5.8
196,2015-09-21 05:40:10.900000,-31.6,-71.7,30.0,6.1
197,2015-12-25 07:44:26,-15.3,167.6,121.4,5.1
198,2015-10-11 13:32:38.900000,46.7,152.5,64.2,5.0
199,2016-01-07 02:53:11.700000,51.8,-175.4,44.4,5.1
200,2015-12-13 06:42:45.100000,-6.9,129.9,76.8,5.4
201,2015-11-17 12:51:39.600000,1.5,126.5,10.0,5.0
202,2015-10-20 10:06:50,-30.8,-71.4,46.0,5.0
203,2015-11-14 16:54:07.300000,6.8,94.5,10.0,5.3
204,2015-12-05 02:10:36.700000,-23.5,-64.6,11.6,5.3
205,2015-12-09 12:07:00.200000,-4.1,129.6,22.2,5.2
206,2015-12-17 12:44:39.200000,17.8,120.6,70.0,5.3
207,2015-12-26 11:01:29,35.5,27.4,36.8,5.2
208,2016-01-02 04:22:55.700000,44.9,130.0,583.1,5.7
209,2015-11-02 03:04:44.300000,-18.2,-177.8,608.4,5.2
210,2015-12-23 10:09:25.800000,-6.9,155.1,34.1,5.0
211,2016-01-07 10:51:07.900000,-1.0,-16.0,10.0,5.1
212,2015-12-05 23:00:19.900000,43.9,85.3,10.0,5.0
213,2016-01-08 02:17:55.400000,-13.3,-70.7,10.0,5.0
214,2016-01-12 09:45:47.600000,-31.3,58.1,10.0,5.9
215,2015-12-23 06:43:58,49.3,155.6,47.8,5.0
216,2015-11-19 04:16:28.600000,27.9,85.7,16.5,5.0
217,2015-10-22 23:08:15,50.8,-130.0,10.0,5.1
218,2016-01-10 17:41:25.500000,39.6,34.3,10.0,5.0
219,2016-01-10 17:11:24.800000,-20.8,-178.4,593.4,5.0
220,2016-01-01 02:01:15.900000,-50.6,139.4,10.0,6.3
221,2015-12-18 11:47:24.300000,-1.3,-15.8,10.0,5.4
222,2016-01-19 03:22:38.400000,-6.8,155.2,46.4,5.2
223,2015-11-28 14:47:55.300000,-7.0,106.0,50.5,5.4
224,2015-11-28 13:39:59.300000,3.7,127.0,68.6,5.2
225,2015-10-19 14:31:35,-7.8,102.4,10.0,5.0
226,2015-12-18 22:17:32.500000,29.4,81.7,10.0,5.4
227,2015-11-19 03:48:07.800000,-32.5,-176.7,39.5,5.1
228,2015-10-05 01:10:11.400000,-35.1,180.0,41.6,5.0
229,2016-01-14 05:40:15.700000,-16.2,-174.1,139.9,5.1
230,2015-10-12 10:04:52,34.3,98.2,11.4,5.1
231,2015-12-19 02:11:29.300000,-18.4,169.4,10.0,6.0
232,2015-12-31 22:22:53.300000,51.7,-173.5,39.9,5.0
233,2015-12-19 04:28:08.800000,2.1,-84.4,29.6,5.0
234,2015-12-25 17:58:41,-40.7,-86.4,10.0,5.8
235,2015-12-19 19:25:41.500000,-30.6,-71.3,47.6,5.8
236,2015-11-23 11:19:29.600000,-53.0,21.8,10.0,5.0
237,2015-11-20 14:51:16.300000,1.0,127.5,10.0,5.1
238,2016-01-10 12:12:38.400000,-57.7,-147.9,4.0,5.6
239,2015-11-07 10:54:20.200000,-30.7,-71.4,42.0,5.7
240,2015-11-07 10:06:50.800000,-18.2,-174.1,10.0,5.3
241,2015-10-12 04:36:16.800000,7.5,-77.5,10.0,5.2
242,2015-10-21 06:05:25.200000,37.3,141.1,24.2,5.3
243,2015-10-12 08:05:37.600000,-40.6,176.3,22.0,5.6
244,2015-11-16 20:52:55.700000,-30.3,-72.0,7.8,5.0
245,2015-12-19 15:04:12,-8.4,107.0,27.0,5.5
246,2015-12-22 13:05:46.800000,-28.3,-176.4,10.0,5.2
247,2015-12-06 17:10:05.300000,-18.2,-178.7,547.0,5.6
248,2015-11-28 05:45:16.100000,-30.4,-72.2,10.0,5.6
249,2016-01-06 04:59:32.400000,-54.5,-136.8,14.5,5.3
250,2015-09-19 09:07:45.500000,-31.1,-71.6,28.0,5.7
251,2015-09-19 08:32:00.600000,-30.1,-72.2,8.0,5.4
252,2016-01-10 13:34:10.300000,-31.3,-71.8,15.7,5.0
253,2015-10-15 10:08:04.100000,-2.5,-78.8,97.1,5.4
254,2015-11-07 13:45:20.700000,35.9,140.0,107.5,5.0
255,2015-12-13 05:53:56,55.0,111.6,12.3,5.1
256,2016-01-01 15:02:51.600000,-29.1,-177.1,38.3,5.8
257,2015-09-28 01:02:41.400000,20.1,-45.5,10.0,5.1
258,2015-09-28 00:42:59.600000,20.1,-45.5,10.0,5.4
259,2015-09-28 00:33:10.500000,20.3,-45.7,10.0,5.4
260,2015-11-20 18:00:40.400000,8.5,-71.4,10.0,5.0
261,2015-12-30 11:09:10.700000,-21.9,-174.5,32.2,5.1
262,2016-01-08 13:29:40,-30.8,-13.8,10.0,5.0
263,2015-11-07 06:59:06.300000,8.5,-71.4,15.1,5.3
264,2015-11-22 15:34:43.900000,-53.7,140.5,10.0,5.0
265,2015-12-06 04:03:44.200000,-7.2,155.0,11.1,5.3
266,2015-10-19 13:51:17.600000,13.9,120.6,106.0,5.8
267,2016-01-08 22:22:08.400000,-9.4,117.7,88.9,5.4
268,2015-11-24 02:46:54.300000,-24.8,-175.6,10.0,5.4
269,2015-11-29 18:53:25.500000,-23.6,-64.7,11.0,5.8
270,2015-12-26 18:00:13.100000,-31.8,-72.1,10.0,5.1
271,2015-12-07 01:47:44.500000,-30.1,-177.6,32.5,5.4
272,2016-01-14 11:04:54,-15.6,-177.2,10.0,5.8
273,2015-09-19 13:09:33.800000,-30.5,-72.2,10.0,5.6
274,2016-01-06 01:30:37.500000,41.3,129.0,0.0,5.1
275,2016-01-08 14:46:04.800000,-29.1,-111.8,15.0,5.0
276,2015-11-14 10:22:18.400000,37.9,143.9,27.4,5.2
277,2016-01-19 16:54:59.800000,-22.9,171.5,10.0,5.3
278,2015-12-30 02:59:12.500000,-34.4,-109.4,10.0,5.0
279,2015-12-06 19:17:13,-48.2,-10.1,10.0,5.0
280,2015-09-18 09:11:20.700000,-32.4,-72.2,8.0,6.2
281,2016-01-19 02:14:03.200000,22.9,121.3,27.1,5.6
282,2015-10-12 07:24:01.800000,11.9,57.8,10.0,5.2
283,2015-09-17 05:45:16,-31.8,-72.1,10.0,5.5
284,2015-12-04 04:26:26.800000,21.5,145.7,10.0,5.4
285,2015-11-21 09:06:48.100000,-7.2,129.9,67.3,6.1
286,2016-01-11 23:40:09.600000,-7.0,128.0,251.3,5.2
287,2015-11-14 05:26:11.500000,7.2,-34.3,10.0,5.3
288,2015-11-19 13:50:20.700000,-7.6,-13.6,10.0,5.2
289,2016-01-05 20:36:52.700000,10.1,126.2,19.1,5.2
290,2015-11-13 06:55:25.100000,-8.5,-75.9,117.6,5.0
291,2015-10-22 17:48:18.100000,17.9,147.2,4.2,5.3
292,2015-12-13 01:52:53.700000,46.7,152.6,56.7,5.3
293,2015-12-15 13:30:12,-15.6,167.3,28.5,5.2
294,2015-11-02 13:41:12.200000,32.1,69.6,44.7,5.0
295,2016-01-06 13:19:31.600000,15.4,-95.2,10.0,5.3
296,2016-01-14 12:16:05.500000,-53.3,159.8,10.0,5.5
297,2015-11-14 20:35:05.300000,31.3,128.9,10.0,5.1
298,2015-12-07 02:55:15.700000,-17.7,-174.4,10.0,5.2
299,2015-12-06 19:52:11.500000,-10.6,164.1,38.9,5.4
300,2015-11-24 09:14:52,-31.8,-72.2,39.1,5.0
301,2016-01-02 08:37:58.500000,36.5,70.9,189.0,5.2
302,2016-01-05 09:34:50,-54.3,-136.3,10.0,6.0
303,2015-10-12 03:15:55.200000,-31.2,-71.8,21.0,5.6
304,2015-10-12 03:32:08.300000,-31.2,-71.8,19.6,5.0
305,2015-10-22 01:17:46.300000,-60.3,-45.4,15.3,5.3
306,2015-10-22 07:51:05.900000,-27.9,74.0,10.0,5.0
307,2015-10-06 09:21:59.700000,12.1,-89.0,29.6,5.1
308,2015-11-02 16:37:23.700000,-7.0,129.7,109.6,5.2
309,2015-10-18 13:00:56,2.9,126.5,42.6,5.0
310,2015-10-24 21:25:21.300000,-31.4,-71.5,39.9,5.0
311,2015-11-20 23:26:17.400000,-11.6,165.5,10.0,5.1
312,2015-10-01 22:50:06.600000,-16.3,-173.9,91.5,5.4
313,2016-01-14 13:15:25.200000,9.7,126.3,35.0,5.6
314,2015-11-16 11:05:04.600000,-26.5,67.8,10.0,5.0
315,2016-01-01 23:05:29.300000,-20.5,-179.2,655.8,5.0
316,2015-11-22 18:16:40.700000,36.4,71.4,102.0,5.7
317,2016-01-05 22:00:26.200000,22.0,143.7,158.4,5.9
318,2015-10-30 11:27:19.400000,25.1,99.6,24.6,5.2
319,2016-01-13 20:35:34.800000,32.7,91.6,10.0,5.2
320,2016-01-13 21:18:50.500000,42.2,84.3,10.0,5.1
321,2015-11-12 17:29:15.100000,51.5,-175.1,39.4,5.2
322,2015-10-24 17:31:55.400000,-30.2,-179.3,313.7,5.5
323,2015-09-17 13:33:02,-32.1,-72.4,10.0,5.9
324,2015-12-30 03:26:11.300000,14.2,-91.1,88.4,5.0
325,2015-12-17 21:32:15.600000,48.0,146.9,443.4,5.4
326,2015-12-12 23:33:30.900000,-41.1,-90.1,10.0,5.5
327,2016-01-13 07:53:16.800000,12.2,125.6,83.0,5.0
328,2015-11-13 06:04:53.200000,-29.9,-64.5,27.0,5.6
329,2015-10-23 00:28:15.600000,29.6,70.3,11.0,5.6
330,2015-10-23 01:40:42.300000,-54.2,6.2,11.0,6.2
331,2015-11-28 22:33:26.300000,3.8,126.9,23.8,5.4
332,2015-12-09 12:58:37.800000,-16.7,175.2,10.0,6.1
333,2015-12-09 13:33:32.100000,-15.2,-177.8,401.5,5.3
334,2016-01-05 05:29:06.200000,-6.0,130.6,130.3,5.2
335,2015-11-11 23:36:55.200000,-7.2,128.9,126.0,5.8
336,2015-09-16 15:23:00.100000,-6.1,151.5,10.0,5.3
337,2015-12-16 20:39:13.100000,-19.6,-174.9,37.3,5.3
338,2015-12-09 14:57:34,-4.1,129.5,10.0,5.4
339,2015-12-09 14:14:37.400000,-4.1,129.6,10.0,5.4
340,2015-10-23 04:04:54.100000,-45.8,37.2,10.0,6.0
341,2015-09-25 22:59:16.300000,17.0,145.9,16.0,5.2
342,2015-10-30 10:27:36.800000,-6.2,130.0,141.9,5.1
343,2015-12-09 16:36:20.700000,-4.1,129.5,26.8,5.0
344,2015-09-17 20:25:11.500000,-32.3,-71.9,16.4,5.0
345,2016-01-11 22:20:32.300000,-23.1,179.1,552.5,5.3
346,2016-01-13 05:56:38.200000,-15.2,-174.9,263.0,5.9
347,2015-12-26 22:11:53.300000,10.0,126.0,58.3,5.2
348,2015-11-11 22:18:35.500000,1.6,127.3,96.7,5.2
349,2015-09-16 13:09:35.100000,24.3,121.8,16.7,5.2
350,2015-12-03 14:31:49.100000,22.6,121.4,23.3,5.1
351,2015-11-09 23:54:50.400000,51.4,-172.9,44.4,5.0
352,2015-11-15 05:12:31.100000,-24.8,-175.8,35.0,5.0
353,2015-12-09 19:18:14.300000,38.4,72.9,10.0,5.0
354,2015-11-16 03:32:18.200000,52.1,173.6,31.3,5.1
355,2016-01-05 02:21:48.600000,30.6,132.8,10.0,5.8
356,2015-12-09 21:53:18.200000,-37.7,51.3,10.0,5.3
357,2015-12-15 17:09:01.100000,-56.4,-25.8,12.9,5.1
358,2015-12-15 17:49:26.200000,-56.4,-25.7,20.1,5.0
359,2015-09-27 02:56:49.700000,-7.2,129.6,107.0,5.5
360,2015-11-22 21:03:19.100000,38.0,100.3,12.9,5.1
361,2015-10-18 18:18:01.200000,-16.1,-173.4,10.0,5.1
362,2015-11-21 23:06:06.700000,-30.6,-71.8,27.0,5.8
363,2015-12-11 03:21:24.800000,-5.0,103.0,48.3,5.1
364,2015-10-23 22:03:58.800000,-2.2,138.3,8.0,5.8
365,2015-09-28 15:28:41.800000,-23.8,-66.6,219.0,5.9
366,2015-10-23 19:55:32,-53.8,-3.8,10.0,5.0
367,2015-09-26 03:21:23.600000,-21.0,169.0,15.3,5.4
368,2015-11-19 18:16:10.200000,-24.6,-175.9,10.0,5.1
369,2015-09-15 21:21:56.900000,-20.0,-70.8,9.8,5.0
370,2015-11-03 01:11:20,13.4,146.0,26.0,5.1
371,2015-11-03 00:07:08.300000,24.7,122.0,10.0,5.0
372,2015-09-21 18:37:29.500000,-31.0,-71.8,26.9,5.5
373,2015-09-21 18:47:04,-2.6,138.7,8.8,5.0
374,2015-12-12 15:09:34,-35.0,-71.9,37.9,5.0
375,2015-09-26 08:28:48,-5.7,68.3,10.0,5.0
376,2016-01-12 12:27:58.500000,3.7,127.0,10.0,5.2
377,2015-11-11 11:45:59.900000,-8.9,110.2,83.0,5.5
378,2015-12-10 12:05:50.700000,-58.9,-23.9,10.0,5.7
379,2015-10-30 06:59:33.300000,12.5,125.7,71.7,5.0
380,2015-11-11 16:12:23.300000,22.0,144.9,58.9,5.3
381,2016-01-13 18:29:48,-21.9,-174.5,35.0,5.2
382,2015-09-17 06:37:10.300000,-18.5,-69.2,10.7,5.1
383,2015-09-15 19:38:10.800000,24.2,121.9,15.6,5.3
384,2015-12-08 18:35:55.400000,1.0,127.5,10.0,5.0
385,2015-09-17 10:32:02.100000,-31.0,-71.4,38.2,5.2
386,2015-09-27 21:05:21,-31.7,-71.7,36.9,5.4
387,2015-12-10 00:10:08.800000,-35.9,-73.3,10.0,5.5
388,2015-11-22 20:39:07.500000,8.5,-71.4,10.0,5.1
389,2015-09-29 15:02:49.900000,17.8,-102.3,19.8,5.0
390,2015-10-19 02:18:13.100000,24.8,122.0,10.0,5.3
391,2015-12-10 02:05:19.700000,-4.2,129.5,30.2,5.2
392,2015-12-10 18:56:07.900000,-5.4,129.4,254.4,5.0
