w,EqGPStime,lat,lon,depth,Mag
0,2015-11-10 17:48:59.100000,-22.2,-68.7,109.3,5.3
1,2015-09-16 23:32:25.800000,-30.0,-71.8,35.0,5.3
2,2015-09-16 22:55:08.900000,-31.6,-71.7,22.4,8.3
3,2015-09-13 08:14:44.600000,24.9,-109.6,10.0,6.7
4,2015-09-13 08:27:48.400000,25.0,-109.7,10.0,5.2
5,2015-12-07 08:31:32.700000,41.7,74.6,21.5,5.5
6,2015-12-07 07:50:42.600000,38.3,72.8,26.0,7.2
7,2015-09-17 00:00:50.500000,-31.7,-72.0,10.0,5.0
8,2015-09-24 13:49:34.500000,50.8,-130.2,10.0,5.7
9,2015-10-26 09:10:18.600000,36.5,70.4,231.0,7.5
10,2015-11-24 22:46:14.100000,-10.5,-70.9,600.6,7.6
11,2015-11-18 18:31:40.600000,-8.9,158.4,13.4,7.0
12,2015-11-18 18:54:31.800000,-9.0,158.5,10.0,5.1
13,2015-09-17 00:22:56.500000,-31.8,-72.1,10.0,5.2
14,2015-09-17 00:43:50.100000,-31.1,-71.8,11.6,5.1
15,2015-11-13 20:52:07,31.0,128.9,12.0,6.7
16,2015-11-11 01:55:14.500000,-29.5,-72.0,12.0,6.9
17,2015-11-11 02:24:15.300000,-29.5,-71.9,10.0,5.1
18,2015-09-13 07:58:09.500000,24.8,-109.5,10.0,5.6
19,2015-09-17 04:11:03.800000,-31.5,-71.8,23.0,6.7
20,2015-09-17 04:38:44.100000,-31.3,-71.9,19.8,5.2
21,2015-11-07 07:32:19.800000,-30.9,-71.5,46.0,6.8
22,2015-11-07 07:05:07.400000,-29.5,-72.3,13.0,6.2
23,2015-12-09 10:22:26.400000,-4.1,129.5,33.9,6.9
24,2015-11-09 16:04:22.100000,51.6,-173.1,15.0,6.5
25,2015-09-17 01:22:24.700000,-31.7,-71.9,10.0,5.2
26,2015-12-04 22:25:36.100000,-47.6,85.1,35.0,7.1
27,2015-12-17 19:50:29.200000,15.8,-93.6,86.0,6.6
28,2016-01-14 03:26:09.600000,42.0,142.8,46.0,6.7
29,2016-01-14 03:38:54.100000,-8.6,122.9,158.2,5.1
30,2015-09-21 17:40:36.100000,-31.7,-71.4,35.0,6.6
31,2015-11-17 07:10:43.300000,38.7,20.6,11.0,6.5
32,2015-11-11 02:46:55.900000,-29.5,-72.1,10.0,6.9
33,2016-01-11 17:08:40,44.5,141.1,239.9,6.2
34,2016-01-11 16:38:43.100000,3.9,126.9,20.8,6.5
35,2015-10-20 21:52:38.600000,-14.9,167.3,135.0,7.1
36,2015-10-20 20:33:48.100000,-57.4,-65.9,9.1,5.6
37,2015-10-26 10:09:42,-1.5,97.1,21.0,5.1
38,2015-12-24 20:19:18.700000,-3.7,151.3,10.0,5.1
39,2015-12-24 19:44:39.100000,-55.8,-123.1,12.3,6.2
40,2015-11-11 03:08:25,-29.5,-72.1,10.0,5.1
41,2015-09-17 01:47:01.700000,-31.9,-72.1,10.0,5.0
42,2015-12-07 10:05:34.300000,38.6,73.2,19.9,5.4
43,2015-11-26 05:45:54.300000,-9.2,-71.3,599.4,6.7
44,2015-12-23 16:55:45.900000,-54.2,-1.4,10.0,5.8
45,2015-12-11 03:21:24.800000,-5.0,103.0,48.3,5.1
46,2015-12-11 22:06:12.800000,-47.6,85.2,10.0,5.0
47,2015-12-23 22:28:54.500000,-17.3,-173.7,10.0,5.3
48,2015-11-18 16:47:43.900000,-6.3,103.7,33.0,5.1
49,2015-12-09 11:16:05.200000,-4.3,129.7,25.5,5.2
50,2016-01-18 03:21:14.800000,17.1,-84.6,10.0,5.4
51,2015-10-18 16:19:11.500000,-16.2,-173.3,12.0,6.0
52,2015-09-17 03:13:18,-30.9,-71.3,47.1,5.2
53,2015-11-13 12:55:14.400000,17.3,147.2,10.0,5.1
54,2015-12-23 15:37:29.500000,-21.0,168.3,9.3,5.1
55,2015-12-10 18:56:07.900000,-5.4,129.4,254.4,5.0
56,2015-11-23 20:41:57.500000,17.0,-98.9,34.0,5.6
57,2015-12-06 17:10:05.300000,-18.2,-178.7,547.0,5.6
58,2016-01-01 02:01:15.900000,-50.6,139.4,10.0,6.3
59,2015-12-07 02:55:15.700000,-17.7,-174.4,10.0,5.2
60,2015-12-23 16:18:27.600000,45.1,-28.0,10.0,5.0
61,2015-11-13 12:22:13,17.3,147.2,16.0,5.4
62,2015-12-09 12:58:37.800000,-16.7,175.2,10.0,6.1
63,2015-12-09 12:07:00.200000,-4.1,129.6,22.2,5.2
64,2016-01-17 19:25:52.800000,-38.0,77.9,10.0,5.1
65,2015-09-16 14:03:58.100000,-6.0,151.5,6.0,6.1
66,2015-12-07 01:47:44.500000,-30.1,-177.6,32.5,5.4
67,2016-01-17 17:06:14.400000,-26.4,-70.9,36.9,5.0
68,2015-12-06 19:17:13,-48.2,-10.1,10.0,5.0
69,2015-11-04 03:44:51.200000,-8.3,124.9,20.0,6.5
70,2015-12-13 06:42:45.100000,-6.9,129.9,76.8,5.4
71,2015-12-06 04:03:44.200000,-7.2,155.0,11.1,5.3
72,2016-01-03 23:05:58.100000,24.8,93.7,55.0,6.7
73,2015-12-23 10:09:25.800000,-6.9,155.1,34.1,5.0
74,2015-11-13 06:55:25.100000,-8.5,-75.9,117.6,5.0
75,2016-01-16 23:23:05,-3.9,127.2,4.1,5.6
76,2015-12-10 12:05:50.700000,-58.9,-23.9,10.0,5.7
77,2015-11-14 05:26:11.500000,7.2,-34.3,10.0,5.3
78,2015-12-03 15:55:51.100000,-34.0,-109.3,14.7,5.0
79,2015-09-17 02:21:41.500000,-32.0,-72.9,10.0,5.0
80,2015-09-24 15:54:03.700000,-0.6,131.3,18.0,6.6
81,2015-12-09 21:53:18.200000,-37.7,51.3,10.0,5.3
82,2016-01-07 15:41:19.100000,-41.7,-74.1,24.1,5.0
83,2015-11-13 06:04:53.200000,-29.9,-64.5,27.0,5.6
84,2015-11-08 16:47:38.200000,6.8,94.6,10.0,6.6
85,2015-12-09 19:18:14.300000,38.4,72.9,10.0,5.0
86,2016-01-16 22:38:42.500000,-8.5,156.5,10.0,5.1
87,2015-12-13 01:47:41.400000,3.5,127.4,10.0,5.3
88,2015-12-09 14:57:34,-4.1,129.5,10.0,5.4
89,2015-11-09 17:03:42.900000,18.0,147.0,48.8,5.0
90,2016-01-17 15:30:39.500000,-5.4,130.2,131.8,5.2
91,2015-10-11 00:59:03.200000,-54.5,-135.7,10.0,6.1
92,2015-12-10 15:04:02.400000,-17.0,175.3,16.2,5.1
93,2016-01-17 08:18:10.700000,19.8,-76.1,10.0,5.1
94,2016-01-17 08:30:59.700000,19.7,-76.1,10.0,5.2
95,2015-09-26 02:51:54.800000,-30.8,-71.3,46.0,6.3
96,2015-09-26 03:21:23.600000,-21.0,169.0,15.3,5.4
97,2016-01-18 13:44:34,-31.3,-178.7,95.0,5.1
98,2015-11-02 08:16:09.500000,51.6,-173.3,13.0,5.8
99,2015-11-02 08:24:58.500000,51.6,-173.3,10.0,5.1
100,2015-11-14 10:22:18.400000,37.9,143.9,27.4,5.2
101,2015-12-25 07:44:26,-15.3,167.6,121.4,5.1
102,2016-01-11 22:20:32.300000,-23.1,179.1,552.5,5.3
103,2015-11-08 09:35:33.300000,0.8,98.9,69.0,5.7
104,2015-12-13 05:53:56,55.0,111.6,12.3,5.1
105,2015-11-14 16:54:07.300000,6.8,94.5,10.0,5.3
106,2015-12-09 14:14:37.400000,-4.1,129.6,10.0,5.4
107,2015-11-08 08:14:13.400000,-17.3,-69.4,159.9,5.7
108,2016-01-05 20:36:52.700000,10.1,126.2,19.1,5.2
109,2015-11-08 11:33:50.600000,51.5,-173.0,20.0,5.7
110,2015-11-08 10:42:37.600000,6.9,94.5,8.0,5.5
111,2015-12-03 15:29:44.500000,-5.7,149.8,144.2,5.3
112,2016-01-06 13:19:31.600000,15.4,-95.2,10.0,5.3
113,2016-01-16 18:55:09.700000,-0.5,99.3,61.7,5.2
114,2015-12-23 06:43:58,49.3,155.6,47.8,5.0
115,2015-12-20 18:48:11.500000,3.6,117.6,6.9,6.1
116,2015-12-12 23:33:30.900000,-41.1,-90.1,10.0,5.5
117,2015-11-15 05:12:31.100000,-24.8,-175.8,35.0,5.0
118,2015-12-09 13:33:32.100000,-15.2,-177.8,401.5,5.3
119,2016-01-19 02:02:41.400000,2.1,96.7,16.5,5.3
120,2015-11-14 20:35:05.300000,31.3,128.9,10.0,5.1
121,2016-01-13 07:53:16.800000,12.2,125.6,83.0,5.0
122,2016-01-13 05:48:06.800000,0.4,92.3,10.0,5.1
123,2015-12-04 20:22:54.100000,-54.0,-2.4,14.2,5.0
124,2016-01-18 18:24:54.400000,-21.4,176.1,7.0,5.8
125,2016-01-18 18:45:44.200000,-34.6,179.9,75.0,5.0
126,2015-11-02 03:04:44.300000,-18.2,-177.8,608.4,5.2
127,2015-12-12 15:09:34,-35.0,-71.9,37.9,5.0
128,2015-12-03 14:31:49.100000,22.6,121.4,23.3,5.1
129,2015-12-20 22:05:10.900000,-6.3,154.7,52.9,5.0
130,2015-12-04 04:26:26.800000,21.5,145.7,10.0,5.4
131,2015-12-29 02:54:42,6.9,-76.7,5.7,5.0
132,2015-12-14 01:46:34.800000,-4.1,129.5,10.0,5.6
133,2015-12-21 12:37:48.300000,-18.2,-174.9,197.7,5.0
134,2015-12-05 23:00:19.900000,43.9,85.3,10.0,5.0
135,2015-11-14 19:20:57.400000,31.4,128.8,10.0,5.7
136,2015-11-01 21:10:16.800000,22.8,121.7,7.0,5.5
137,2015-11-08 13:24:23.800000,6.8,94.5,9.8,5.2
138,2015-11-08 14:34:41.400000,6.7,94.4,10.0,5.1
139,2015-09-19 12:52:56.900000,-32.3,-72.1,18.0,6.2
140,2016-01-08 02:17:55.400000,-13.3,-70.7,10.0,5.0
141,2015-12-10 02:05:19.700000,-4.2,129.5,30.2,5.2
142,2015-12-09 16:36:20.700000,-4.1,129.5,26.8,5.0
143,2015-12-09 16:06:46.400000,-4.0,129.5,25.8,5.0
144,2016-01-07 20:24:15.800000,49.4,155.3,75.6,5.2
145,2016-01-06 01:30:37.500000,41.3,129.0,0.0,5.1
146,2015-09-18 16:00:18.600000,15.3,-46.0,10.0,6.0
147,2015-11-17 17:30:12.300000,40.4,73.2,18.0,5.6
148,2016-01-18 19:22:26.200000,-0.3,129.5,10.0,5.2
149,2015-10-22 23:08:15,50.8,-130.0,10.0,5.1
150,2016-01-08 01:12:37,-30.7,-71.7,30.9,5.6
151,2016-01-07 10:51:07.900000,-1.0,-16.0,10.0,5.1
152,2015-11-18 04:39:26.900000,31.4,129.0,27.5,5.1
153,2015-11-02 03:35:39.500000,11.9,-88.9,28.3,5.1
154,2015-11-08 11:55:15.300000,6.8,94.6,10.1,5.1
155,2016-01-12 09:45:47.600000,-31.3,58.1,10.0,5.9
156,2015-11-08 23:48:19.700000,-56.0,-27.3,75.1,5.1
157,2015-12-10 00:10:08.800000,-35.9,-73.3,10.0,5.5
158,2015-11-08 15:41:32.400000,48.4,154.8,49.5,5.2
159,2015-12-05 02:10:36.700000,-23.5,-64.6,11.6,5.3
160,2016-01-06 04:59:32.400000,-54.5,-136.8,14.5,5.3
161,2015-12-19 15:04:12,-8.4,107.0,27.0,5.5
162,2016-01-13 18:29:48,-21.9,-174.5,35.0,5.2
163,2016-01-11 23:40:09.600000,-7.0,128.0,251.3,5.2
164,2015-12-20 07:29:47,-28.3,-176.3,10.0,5.2
165,2016-01-14 11:04:54,-15.6,-177.2,10.0,5.8
166,2015-11-18 01:59:23,-6.5,130.3,116.0,5.2
167,2015-11-08 19:15:23.400000,7.0,94.5,10.0,5.6
168,2016-01-05 22:00:26.200000,22.0,143.7,158.4,5.9
169,2015-09-12 20:33:03,-32.6,-178.0,8.0,5.9
170,2016-01-19 03:22:38.400000,-6.8,155.2,46.4,5.2
171,2016-01-19 16:54:59.800000,-22.9,171.5,10.0,5.3
172,2015-12-04 19:23:52.300000,29.0,52.0,25.2,5.0
173,2015-11-24 20:45:38.300000,-0.1,-17.8,10.0,5.5
174,2015-11-17 12:51:39.600000,1.5,126.5,10.0,5.0
175,2015-12-29 01:52:17.900000,-6.3,154.8,28.7,5.8
176,2015-12-31 10:57:34.100000,11.2,-86.6,20.0,5.8
177,2015-11-01 15:16:53.500000,-23.2,-68.4,111.0,5.8
178,2016-01-12 18:02:49.900000,-59.2,-25.8,62.9,5.0
179,2015-10-12 08:05:37.600000,-40.6,176.3,22.0,5.6
180,2015-10-12 07:24:01.800000,11.9,57.8,10.0,5.2
181,2015-11-16 00:40:09.500000,17.8,-81.8,6.7,5.8
182,2015-11-07 13:45:20.700000,35.9,140.0,107.5,5.0
183,2015-12-22 13:05:46.800000,-28.3,-176.4,10.0,5.2
184,2015-12-19 19:25:41.500000,-30.6,-71.3,47.6,5.8
185,2015-11-17 08:34:16.800000,38.6,20.6,9.0,5.1
186,2015-10-14 05:43:44.300000,48.9,156.2,12.0,6.0
187,2016-01-08 13:29:40,-30.8,-13.8,10.0,5.0
188,2015-11-07 19:40:49.500000,16.5,119.8,37.0,5.5
189,2015-12-21 15:44:40.800000,-4.4,152.0,162.0,5.7
190,2015-12-25 19:15:23.200000,36.5,71.1,206.0,6.3
191,2015-11-09 06:12:51.700000,6.5,94.9,23.3,5.3
192,2015-12-25 17:58:41,-40.7,-86.4,10.0,5.8
193,2016-01-05 09:34:50,-54.3,-136.3,10.0,6.0
194,2015-11-25 04:47:26.800000,31.4,140.1,124.7,5.0
195,2015-11-09 08:13:25.600000,6.4,94.8,35.0,5.5
196,2015-12-24 23:11:34.200000,-7.2,129.0,119.0,5.8
197,2015-09-18 09:11:20.700000,-32.4,-72.2,8.0,6.2
198,2015-11-16 16:49:49.700000,48.3,154.2,34.0,5.9
199,2015-11-16 16:13:44.700000,-24.8,-176.0,35.0,5.0
200,2016-01-08 09:07:45.500000,36.6,70.9,219.0,5.0
201,2015-12-19 02:11:29.300000,-18.4,169.4,10.0,6.0
202,2015-12-07 22:54:11.100000,14.2,-90.9,84.0,5.7
203,2015-11-18 10:37:32.700000,-4.7,103.6,114.0,5.0
204,2016-01-13 21:38:13,38.7,73.2,13.3,5.0
205,2016-01-16 16:58:36.700000,8.9,-84.2,24.9,5.2
206,2016-01-10 12:12:38.400000,-57.7,-147.9,4.0,5.6
207,2016-01-07 02:53:11.700000,51.8,-175.4,44.4,5.1
208,2015-12-20 09:29:27.500000,12.9,124.4,107.8,5.2
209,2015-10-11 13:32:38.900000,46.7,152.5,64.2,5.0
210,2015-11-09 04:47:03.700000,-23.6,-69.0,99.2,5.3
211,2015-12-18 22:17:32.500000,29.4,81.7,10.0,5.4
212,2015-10-26 13:12:34.800000,-18.0,-178.4,562.9,5.1
213,2015-09-13 07:41:12.600000,24.9,-109.7,10.0,5.3
214,2015-11-18 12:16:14,38.8,20.6,10.0,5.0
215,2015-09-21 05:40:10.900000,-31.6,-71.7,30.0,6.1
216,2015-11-07 22:54:30.400000,1.6,126.6,37.1,5.2
217,2015-10-10 09:04:37,-8.0,107.4,35.0,5.2
218,2016-01-12 12:27:58.500000,3.7,127.0,10.0,5.2
219,2016-01-13 20:35:34.800000,32.7,91.6,10.0,5.2
220,2015-10-26 14:39:34.300000,-18.0,-69.5,115.7,5.0
221,2015-12-15 17:09:01.100000,-56.4,-25.8,12.9,5.1
222,2015-12-17 12:44:39.200000,17.8,120.6,70.0,5.3
223,2015-11-16 11:05:04.600000,-26.5,67.8,10.0,5.0
224,2015-11-02 16:37:23.700000,-7.0,129.7,109.6,5.2
225,2016-01-19 22:04:43.300000,1.4,127.3,161.0,5.0
226,2015-10-12 10:04:52,34.3,98.2,11.4,5.1
227,2015-11-09 13:58:12.400000,-7.0,150.8,7.6,5.1
228,2015-11-24 13:22:11.800000,18.8,145.3,586.2,6.0
229,2015-11-02 08:31:51.300000,51.6,-173.3,10.0,5.3
230,2015-12-01 06:14:19.400000,41.4,73.3,40.8,5.1
231,2015-11-07 20:58:27.800000,-10.2,111.2,10.0,5.0
232,2016-01-08 14:46:04.800000,-29.1,-111.8,15.0,5.0
233,2015-11-12 17:29:15.100000,51.5,-175.1,39.4,5.2
234,2016-01-12 20:05:35.700000,36.6,71.0,239.0,5.7
235,2016-01-16 09:43:09.400000,-37.9,-75.3,10.0,5.1
236,2015-09-17 05:45:16,-31.8,-72.1,10.0,5.5
237,2015-12-18 11:47:24.300000,-1.3,-15.8,10.0,5.4
238,2015-12-08 18:35:55.400000,1.0,127.5,10.0,5.0
239,2015-09-16 07:41:34.700000,1.9,126.4,41.6,6.3
240,2015-11-01 03:49:23.500000,41.6,142.0,47.0,5.4
241,2015-12-01 07:26:50.100000,-31.6,-71.5,40.2,5.0
242,2015-10-12 04:36:16.800000,7.5,-77.5,10.0,5.2
243,2015-11-20 05:34:34.200000,26.3,142.7,10.0,5.1
244,2016-01-10 13:34:10.300000,-31.3,-71.8,15.7,5.0
245,2015-11-09 23:54:50.400000,51.4,-172.9,44.4,5.0
246,2015-12-15 17:49:26.200000,-56.4,-25.7,20.1,5.0
247,2015-12-19 04:28:08.800000,2.1,-84.4,29.6,5.0
248,2015-12-08 12:56:43.400000,-30.8,-71.8,25.0,5.6
249,2015-11-02 13:41:12.200000,32.1,69.6,44.7,5.0
250,2015-10-12 03:32:08.300000,-31.2,-71.8,19.6,5.0
251,2015-11-11 06:27:09.700000,-9.1,-108.6,10.0,5.6
252,2015-12-03 08:33:22.100000,-29.8,-71.7,34.8,5.2
253,2016-01-05 05:29:06.200000,-6.0,130.6,130.3,5.2
254,2016-01-14 05:40:15.700000,-16.2,-174.1,139.9,5.1
255,2016-01-10 17:41:25.500000,39.6,34.3,10.0,5.0
256,2015-12-15 13:30:12,-15.6,167.3,28.5,5.2
257,2016-01-14 12:16:05.500000,-53.3,159.8,10.0,5.5
258,2015-11-30 20:19:41.300000,-8.8,67.7,10.0,5.5
259,2016-01-10 17:11:24.800000,-20.8,-178.4,593.4,5.0
260,2015-12-28 16:26:41,-3.8,128.4,51.0,5.2
261,2016-01-08 21:55:30.400000,18.8,-107.1,31.1,5.3
262,2015-12-16 20:39:13.100000,-19.6,-174.9,37.3,5.3
263,2016-01-10 22:08:13.700000,-11.6,166.4,67.3,5.0
264,2016-01-04 14:36:49.900000,19.2,121.0,12.6,5.2
265,2015-12-27 15:20:25.100000,-33.0,-108.8,10.0,5.3
266,2015-12-17 21:32:15.600000,48.0,146.9,443.4,5.4
267,2015-10-23 04:04:54.100000,-45.8,37.2,10.0,6.0
268,2016-01-16 04:36:32.900000,-10.0,123.6,14.1,5.0
269,2016-01-15 00:57:24,-62.2,155.8,10.0,5.1
270,2015-12-14 22:56:53.200000,-5.4,153.1,37.5,5.0
271,2015-12-15 00:21:09.500000,25.7,141.9,55.5,5.1
272,2016-01-14 13:15:25.200000,9.7,126.3,35.0,5.6
273,2015-11-25 11:23:38,4.2,125.8,141.0,5.0
274,2016-01-05 02:21:48.600000,30.6,132.8,10.0,5.8
275,2015-11-11 22:18:35.500000,1.6,127.3,96.7,5.2
276,2015-12-31 22:23:48,-7.2,67.8,10.0,5.0
277,2015-11-11 23:36:55.200000,-7.2,128.9,126.0,5.8
278,2015-11-01 05:42:47.500000,-39.4,175.9,55.4,5.3
279,2015-12-28 14:40:03.800000,-5.2,152.8,10.0,5.2
280,2015-12-01 17:09:01.100000,-14.9,-176.6,10.0,5.8
281,2015-10-23 01:40:42.300000,-54.2,6.2,11.0,6.2
282,2015-10-25 14:59:33.700000,-29.3,-177.8,10.0,5.8
283,2015-12-14 21:12:37.800000,52.8,-167.9,46.7,5.2
284,2015-11-16 03:32:18.200000,52.1,173.6,31.3,5.1
285,2015-12-30 11:09:10.700000,-21.9,-174.5,32.2,5.1
286,2015-09-21 18:37:29.500000,-31.0,-71.8,26.9,5.5
287,2015-10-28 20:47:16.300000,-11.0,166.4,141.0,5.8
288,2015-09-29 15:02:49.900000,17.8,-102.3,19.8,5.0
289,2015-12-26 04:43:51.200000,-42.0,84.5,10.0,5.4
290,2015-12-26 05:40:44,-36.5,-99.5,10.0,5.1
291,2015-11-30 14:46:00.300000,-24.3,-67.2,179.3,5.3
292,2015-12-02 10:09:05,-6.2,154.7,56.1,5.3
293,2015-10-22 17:48:18.100000,17.9,147.2,4.2,5.3
294,2015-09-30 16:07:28.300000,-56.2,-27.7,101.0,5.7
295,2015-09-30 17:26:30.200000,18.0,-101.3,42.0,5.4
296,2015-12-02 23:27:45.900000,39.3,40.3,10.0,5.4
297,2015-10-26 01:42:08.300000,-25.2,178.7,546.0,5.0
298,2015-12-01 12:14:57.800000,1.0,127.5,10.0,5.1
299,2015-12-01 13:40:31.100000,-16.4,-71.1,117.3,5.0
300,2016-01-05 01:58:58.900000,15.5,-95.2,35.0,5.0
301,2015-11-29 18:53:25.500000,-23.6,-64.7,11.0,5.8
302,2015-11-24 09:14:52,-31.8,-72.2,39.1,5.0
303,2015-11-25 18:58:17.600000,1.4,126.3,33.2,5.7
304,2015-10-23 00:28:15.600000,29.6,70.3,11.0,5.6
305,2015-09-16 13:09:35.100000,24.3,121.8,16.7,5.2
306,2016-01-08 22:22:08.400000,-9.4,117.7,88.9,5.4
307,2015-10-02 15:52:29.300000,1.3,125.0,109.8,5.2
308,2015-10-02 16:23:23,-30.6,-71.6,32.5,5.1
309,2015-10-29 02:50:04,51.8,178.5,93.9,5.3
310,2015-12-28 19:24:51.500000,-0.5,-20.0,10.0,5.1
311,2015-11-27 21:00:59,-24.8,-70.6,35.0,6.2
312,2015-12-31 21:30:14.900000,-30.4,-178.0,27.3,5.4
313,2015-11-16 20:52:55.700000,-30.3,-72.0,7.8,5.0
314,2015-11-07 10:54:20.200000,-30.7,-71.4,42.0,5.7
315,2015-10-03 04:14:45.700000,-33.0,-178.3,10.0,5.0
316,2015-10-03 06:27:31.800000,-30.3,-71.6,38.0,5.9
317,2015-10-03 06:04:18.100000,-37.5,-73.7,14.5,5.8
318,2015-10-27 11:05:34.400000,-16.6,66.5,10.0,5.4
319,2015-11-24 02:46:54.300000,-24.8,-175.6,10.0,5.4
320,2015-12-30 03:26:11.300000,14.2,-91.1,88.4,5.0
321,2015-12-30 02:59:12.500000,-34.4,-109.4,10.0,5.0
322,2016-01-09 14:13:13.100000,27.7,129.7,37.5,5.4
323,2015-10-25 14:48:28,18.3,-101.6,42.0,5.2
324,2015-10-05 16:34:02.800000,-30.3,-71.5,34.0,5.9
325,2015-10-10 07:31:43.600000,-19.1,169.5,257.0,5.1
326,2015-11-25 21:17:54.500000,31.9,49.5,12.0,5.4
327,2015-11-03 00:07:08.300000,24.7,122.0,10.0,5.0
328,2015-10-09 18:28:12.700000,-31.7,-71.7,35.0,5.5
329,2015-11-07 10:06:50.800000,-18.2,-174.1,10.0,5.3
330,2015-11-19 03:48:07.800000,-32.5,-176.7,39.5,5.1
